sss@Shubham-ThinkPad-L14-Gen-2:~/Documents/bin/atm$ python3 atm_2_4_intraday.py 
/home/sss/.local/lib/python3.10/site-packages/pandas_ta/__init__.py:7: UserWarning: pkg_resources is deprecated as an API. See https://setuptools.pypa.io/en/latest/pkg_resources.html. The pkg_resources package is slated for removal as early as 2025-11-30. Refrain from using this package or pin to Setuptools<81.
  from pkg_resources import get_distribution, DistributionNotFound

Processing APOLLOHOSP...

--- FINAL_DF FOR APOLLOHOSP ON 2025-10-17 ---
                           open         low        high       close  volume  signal_daily       rsi       lband       uband  signal_intraday    return  return_sign  forward_return  strategy_return
datetime                                                                                                                                                                                            
2025-10-17 09:15:00 7850.000000 7840.500000 7878.000000 7857.500000   11050      1.000000 56.476157 7822.014838 7851.545162              NaN  0.002868          NaN        0.000000              NaN
2025-10-17 09:20:00 7857.000000 7846.000000 7858.500000 7857.500000    5130      1.000000 56.476157 7820.715851 7853.504149              NaN  0.000000          NaN        0.002733              NaN
2025-10-17 09:25:00 7859.000000 7856.000000 7880.000000 7879.000000    4690      1.000000 60.832251 7815.921233 7859.698767              NaN  0.002733          NaN       -0.000063              NaN
2025-10-17 09:30:00 7880.000000 7875.000000 7884.000000 7878.500000    5066      1.000000 60.688113 7812.458468 7864.661532              NaN -0.000063          NaN        0.000190              NaN
2025-10-17 09:35:00 7878.500000 7872.500000 7883.000000 7880.000000    2488      1.000000 60.971203 7809.466085 7869.133915              NaN  0.000190          NaN        0.001141              NaN
2025-10-17 09:40:00 7880.000000 7872.500000 7889.500000 7889.000000   52276      1.000000 62.619269 7805.894895 7874.865105              NaN  0.001141          NaN        0.000760              NaN
2025-10-17 09:45:00 7889.000000 7880.500000 7909.000000 7895.000000   12165      1.000000 63.663076 7802.158337 7880.941663              NaN  0.000760          NaN       -0.000127              NaN
2025-10-17 09:50:00 7894.500000 7883.000000 7894.500000 7894.000000    2156      1.000000 63.362174 7799.854302 7885.965698              NaN -0.000127          NaN       -0.001014              NaN
2025-10-17 09:55:00 7897.000000 7886.000000 7905.000000 7886.000000    2793      1.000000 61.008263 7799.002535 7889.257465              NaN -0.001014          NaN        0.000254              NaN
2025-10-17 10:00:00 7886.000000 7884.500000 7895.000000 7888.000000    3851      1.000000 61.374321 7798.221650 7892.538350              NaN  0.000254          NaN       -0.000824              NaN
2025-10-17 10:05:00 7886.000000 7881.000000 7888.000000 7881.500000    2906      1.000000 59.521188 7797.925022 7894.894978              NaN -0.000824          NaN        0.000824              NaN
2025-10-17 10:10:00 7881.500000 7881.500000 7891.000000 7888.000000    1340      1.000000 60.731070 7796.811983 7897.928017              NaN  0.000824          NaN        0.000570              NaN
2025-10-17 10:15:00 7892.000000 7888.500000 7894.500000 7892.500000    1877      1.000000 61.543082 7795.494424 7901.305576              NaN  0.000570          NaN       -0.000507              NaN
2025-10-17 10:20:00 7892.500000 7888.000000 7893.000000 7888.500000    1004      1.000000 60.410045 7794.968618 7903.971382              NaN -0.000507          NaN        0.001140              NaN
2025-10-17 10:25:00 7888.500000 7888.500000 7899.000000 7897.500000    3345      1.000000 62.015605 7793.977682 7907.482318              NaN  0.001140          NaN        0.000317              NaN
2025-10-17 10:30:00 7897.500000 7897.500000 7900.000000 7900.000000    2516      1.000000 62.447277 7792.832046 7911.087954              NaN  0.000317          NaN        0.000127              NaN
2025-10-17 10:35:00 7902.500000 7900.500000 7908.000000 7901.000000    5763      1.000000 62.620663 7791.881207 7914.558793              NaN  0.000127          NaN        0.002023              NaN
2025-10-17 10:40:00 7902.000000 7901.000000 7928.000000 7917.000000   11519      1.000000 65.240873 7789.713193 7919.826807              NaN  0.002023          NaN        0.004034              NaN
2025-10-17 10:45:00 7918.500000 7918.500000 7949.000000 7949.000000    8893      1.000000 69.591074 7784.201477 7929.658523         1.000000  0.004034    -1.000000        0.000692        -0.000692
2025-10-17 10:50:00 7948.500000 7944.000000 7967.500000 7954.500000   11463      1.000000 70.244203 7779.103184 7939.296816         1.000000  0.000692    -1.000000       -0.000314         0.000314
2025-10-17 10:55:00 7954.500000 7938.500000 7956.000000 7952.000000    4895      1.000000 69.551328 7775.281899 7947.558101         1.000000 -0.000314    -1.000000        0.000817        -0.000817
2025-10-17 11:00:00 7952.000000 7945.000000 7958.500000 7958.500000    5863      1.000000 70.327827 7771.591676 7956.008324         1.000000  0.000817    -1.000000       -0.000943         0.000943
2025-10-17 11:05:00 7956.500000 7946.500000 7959.000000 7951.000000    5153      1.000000 68.277736 7769.372451 7962.707549              NaN -0.000943    -1.000000        0.001006        -0.001006
2025-10-17 11:10:00 7951.000000 7951.000000 7970.000000 7959.000000    8325      1.000000 69.253281 7766.963821 7969.916179              NaN  0.001006    -1.000000        0.000440        -0.000440
2025-10-17 11:15:00 7959.000000 7957.000000 7966.000000 7962.500000    7329      1.000000 69.669682 7764.811670 7977.008330              NaN  0.000440    -1.000000        0.003823        -0.003823
2025-10-17 11:20:00 7962.500000 7962.500000 7997.000000 7993.000000   11058      1.000000 72.929647 7760.507239 7987.632761         1.000000  0.003823    -1.000000        0.004432        -0.004432
2025-10-17 11:25:00 7991.000000 7990.000000 8030.000000 8028.500000    9549      1.000000 75.994122 7753.163047 8002.776953         1.000000  0.004432    -1.000000       -0.001371         0.001371
2025-10-17 11:30:00 8029.500000 8000.000000 8030.000000 8017.500000   13600      1.000000 73.368046 7748.821905 8014.558095         1.000000 -0.001371    -1.000000       -0.001935         0.001935
2025-10-17 11:35:00 8017.000000 7997.500000 8017.500000 8002.000000    5380      1.000000 69.895184 7747.019611 8023.200389              NaN -0.001935    -1.000000        0.000187        -0.000187
2025-10-17 11:40:00 8004.000000 7990.500000 8012.000000 8003.500000    7785      1.000000 70.035247 7745.764267 8031.335733              NaN  0.000187    -1.000000        0.001436        -0.001436
2025-10-17 11:45:00 8002.500000 8002.500000 8016.000000 8015.000000    4484      1.000000 71.087582 7744.213359 8040.206641              NaN  0.001436    -1.000000        0.000998        -0.000998
2025-10-17 11:50:00 8016.000000 8010.000000 8023.500000 8023.000000    4294      1.000000 71.790815 7742.671223 8049.348777              NaN  0.000998    -1.000000       -0.002246         0.002246
2025-10-17 11:55:00 8023.500000 8001.000000 8024.000000 8005.000000    5357      1.000000 67.993812 7743.305316 8055.674684              NaN -0.002246    -1.000000        0.001810        -0.001810
2025-10-17 12:00:00 8005.000000 8002.000000 8019.500000 8019.500000    6713      1.000000 69.327313 7743.177889 8063.162111              NaN  0.001810    -1.000000       -0.000312         0.000312
2025-10-17 12:05:00 8017.500000 8004.500000 8017.500000 8017.000000    4371      1.000000 68.822840 7743.709197 8069.830803              NaN -0.000312    -1.000000        0.000436        -0.000436
2025-10-17 12:10:00 8017.000000 8016.000000 8022.500000 8020.500000    2699      1.000000 69.143600 7744.569636 8076.310364              NaN  0.000436    -1.000000        0.000872        -0.000872
2025-10-17 12:15:00 8020.000000 8014.000000 8028.000000 8027.500000    3054      1.000000 69.778155 7745.318027 8083.061973              NaN  0.000872    -1.000000       -0.001184         0.001184
2025-10-17 12:20:00 8027.500000 8013.500000 8028.000000 8018.000000    5011      1.000000 67.845976 7747.404254 8088.215746              NaN -0.001184    -1.000000        0.000125        -0.000125
2025-10-17 12:25:00 8018.500000 8014.000000 8021.000000 8019.000000    2650      1.000000 67.941326 7749.689263 8093.090737              NaN  0.000125    -1.000000       -0.000811         0.000811
2025-10-17 12:30:00 8019.000000 8012.000000 8023.500000 8012.500000    2757      1.000000 66.630785 7752.386422 8097.113578              NaN -0.000811    -1.000000       -0.001749         0.001749
2025-10-17 12:35:00 8014.000000 7995.500000 8015.500000 7998.500000    5716      1.000000 63.920916 7755.842499 8099.737501              NaN -0.001749    -1.000000       -0.001564         0.001564
2025-10-17 12:40:00 7998.500000 7984.500000 7999.500000 7986.000000    3240      1.000000 61.637048 7761.075376 8100.604624              NaN -0.001564    -1.000000       -0.005210         0.005210
2025-10-17 12:45:00 7986.000000 7940.500000 7988.500000 7944.500000    7416      1.000000 54.981871 7766.469685 8099.490315              NaN -0.005210    -1.000000        0.000440        -0.000440
2025-10-17 12:50:00 7944.500000 7942.000000 7950.000000 7948.000000   10533      1.000000 55.396331 7772.192140 8098.207860              NaN  0.000440    -1.000000       -0.000126         0.000126
2025-10-17 12:55:00 7946.000000 7943.000000 7950.000000 7947.000000    2407      1.000000 55.248039 7777.832036 8096.827964              NaN -0.000126    -1.000000       -0.000252         0.000252
2025-10-17 13:00:00 7947.000000 7932.500000 7948.500000 7945.000000    3230      1.000000 54.947852 7783.506341 8095.253659              NaN -0.000252    -1.000000        0.000000        -0.000000
2025-10-17 13:05:00 7945.000000 7935.500000 7959.000000 7945.000000   46362      1.000000 54.947852 7790.442629 8092.797371              NaN  0.000000    -1.000000        0.000063        -0.000063
2025-10-17 13:10:00 7945.000000 7941.000000 7948.000000 7945.500000    2171      1.000000 55.011483 7798.702265 8089.357735              NaN  0.000063    -1.000000       -0.001133         0.001133
2025-10-17 13:15:00 7942.500000 7935.500000 7946.000000 7936.500000    2842      1.000000 53.620488 7806.799611 8085.580389              NaN -0.001133    -1.000000       -0.002271         0.002271
2025-10-17 13:20:00 7936.500000 7917.500000 7937.500000 7918.500000    2867      1.000000 50.989281 7813.835040 8081.884960              NaN -0.002271    -1.000000       -0.001074         0.001074
2025-10-17 13:25:00 7919.000000 7902.000000 7923.500000 7910.000000    6618      1.000000 49.811474 7818.088153 8079.731847              NaN -0.001074    -1.000000       -0.000316         0.000316
2025-10-17 13:30:00 7912.500000 7901.000000 7915.000000 7907.500000    7558      1.000000 49.468534 7822.324810 8077.495190              NaN -0.000316    -1.000000       -0.000506         0.000506
2025-10-17 13:35:00 7907.000000 7895.000000 7913.000000 7903.500000    4558      1.000000 48.918666 7824.236663 8076.563337              NaN -0.000506    -1.000000       -0.001139         0.001139
2025-10-17 13:40:00 7903.500000 7892.500000 7908.000000 7894.500000    6717      1.000000 47.701314 7825.576293 8075.863707              NaN -0.001139    -1.000000        0.000950        -0.000950
2025-10-17 13:45:00 7895.500000 7892.000000 7907.500000 7902.000000    2967      1.000000 48.785068 7827.340464 8074.979536              NaN  0.000950    -1.000000       -0.000316         0.000316
2025-10-17 13:50:00 7902.000000 7891.000000 7905.000000 7899.500000    1452      1.000000 48.443617 7828.156311 8074.583689              NaN -0.000316    -1.000000        0.000696        -0.000696
2025-10-17 13:55:00 7900.000000 7898.000000 7906.000000 7905.000000    1908      1.000000 49.241153 7828.879584 8074.260416              NaN  0.000696    -1.000000       -0.000633         0.000633
2025-10-17 14:00:00 7906.000000 7898.500000 7906.000000 7900.000000    2308      1.000000 48.544543 7829.333990 8074.046010              NaN -0.000633    -1.000000       -0.000063         0.000063
2025-10-17 14:05:00 7900.000000 7897.000000 7909.000000 7899.500000    9920      1.000000 48.474567 7830.421467 8073.498533              NaN -0.000063    -1.000000        0.001771        -0.001771
2025-10-17 14:10:00 7899.500000 7895.500000 7915.000000 7913.500000   46975      1.000000 50.512710 7832.288780 8072.651220              NaN  0.001771    -1.000000       -0.000569         0.000569
2025-10-17 14:15:00 7913.500000 7903.500000 7913.500000 7909.000000    6226      1.000000 49.865755 7834.494697 8071.545303              NaN -0.000569    -1.000000       -0.000569         0.000569
2025-10-17 14:20:00 7909.000000 7900.000000 7910.000000 7904.500000    3918      1.000000 49.222460 7835.819618 8070.880382              NaN -0.000569    -1.000000       -0.000696         0.000696
2025-10-17 14:25:00 7902.000000 7897.000000 7908.000000 7899.000000    5092      1.000000 48.443054 7836.348941 8070.611059              NaN -0.000696    -1.000000        0.000380        -0.000380
2025-10-17 14:30:00 7899.000000 7895.500000 7905.500000 7902.000000    5427      1.000000 48.893466 7837.462842 8070.037158              NaN  0.000380    -1.000000        0.000127        -0.000127
2025-10-17 14:35:00 7902.000000 7899.000000 7908.500000 7903.000000    5735      1.000000 49.044878 7837.889896 8069.830104              NaN  0.000127    -1.000000        0.001896        -0.001896
2025-10-17 14:40:00 7904.000000 7904.000000 7919.500000 7918.000000    7955      1.000000 51.255317 7839.127059 8069.312941              NaN  0.001896    -1.000000       -0.001517         0.001517
2025-10-17 14:45:00 7917.500000 7901.500000 7918.500000 7906.000000    6926      1.000000 49.502324 7839.503091 8069.136909              NaN -0.001517    -1.000000        0.000759        -0.000759
2025-10-17 14:50:00 7905.500000 7904.000000 7912.000000 7912.000000   10383      1.000000 50.368376 7839.186809 8069.253191              NaN  0.000759    -1.000000       -0.000190         0.000190
2025-10-17 14:55:00 7912.000000 7909.500000 7920.500000 7910.500000    9455      1.000000 50.148970 7837.413570 8069.486430              NaN -0.000190    -1.000000       -0.000885         0.000885
2025-10-17 15:00:00 7910.000000 7898.000000 7917.500000 7903.500000    9310      1.000000 49.129870 7835.085686 8069.774314              NaN -0.000885    -1.000000        0.000190        -0.000190
2025-10-17 15:05:00 7903.500000 7897.500000 7908.500000 7905.000000    8672      1.000000 49.354910 7832.976950 8070.003050              NaN  0.000190    -1.000000       -0.000380         0.000380
2025-10-17 15:10:00 7902.000000 7894.500000 7907.000000 7902.000000   14692      1.000000 48.913312 7830.621211 8070.098789              NaN -0.000380    -1.000000        0.000696        -0.000696
2025-10-17 15:15:00 7902.000000 7902.000000 7912.000000 7907.500000   12453      1.000000 49.754340 7828.815984 8070.164016              NaN  0.000696    -1.000000       -0.001202         0.001202
2025-10-17 15:20:00 7907.500000 7897.000000 7910.000000 7898.000000   20470      1.000000 48.351376 7826.315036 8070.224964              NaN -0.001202    -1.000000       -0.001838         0.001838
2025-10-17 15:25:00 7898.000000 7883.500000 7910.000000 7883.500000   29650      1.000000 46.317255 7822.768682 8070.611318              NaN -0.001838    -1.000000             NaN              NaN
--- END OF FINAL_DF FOR APOLLOHOSP ON 2025-10-17 ---
